x,y,clusterid
121.459117,31.266377,2
121.459930,31.284765,None
121.477242,31.320310,None
121.479600,31.318597,None
121.487844,31.320577,1
121.466135,31.313707,None
121.455553,31.277384,2
121.464726,31.306601,None
121.457003,31.273675,2
121.457003,31.273675,2
121.471278,31.307091,None
121.454863,31.273744,2
121.454863,31.273744,2
121.489546,31.311320,1
121.489546,31.311320,1
121.488998,31.308307,1
121.483099,31.311264,3
121.456021,31.316122,4
121.456165,31.316520,4
121.456165,31.316520,4
121.456165,31.316520,4
121.456724,31.316590,4
121.402749,31.308016,None
121.405107,31.308152,5
121.454237,31.308527,4
121.388788,31.320267,None
121.453949,31.310659,4
121.412916,31.307627,5
121.456589,31.308822,4
121.456570,31.308519,4
121.386814,31.310813,None
121.430160,31.320760,None
121.452191,31.311158,4
121.407646,31.316863,None
121.471612,31.273283,6
121.489502,31.311347,1
121.489502,31.311347,1
121.490583,31.290404,3
121.492485,31.299174,3
121.492485,31.299174,3
121.456758,31.316668,4
121.456010,31.316106,4
121.412813,31.306196,5
121.492485,31.299173,3
121.458655,31.310358,4
121.458655,31.310358,4
121.458366,31.310636,4
121.452640,31.307968,4
121.452287,31.314202,4
121.452640,31.307968,4
121.452640,31.307968,4
121.452640,31.307968,4
121.489200,31.265110,6
121.481263,31.266984,6
121.491861,31.271093,3
121.487487,31.267870,6
121.502192,31.275830,3
121.483731,31.267390,6
121.493626,31.270291,3
121.495035,31.269556,3
121.486091,31.263604,6
121.493798,31.274429,3
121.484158,31.261100,6
121.486667,31.274232,3
121.497812,31.272910,3
121.485954,31.261127,6
121.497000,31.276140,3
121.482226,31.268621,6
121.488879,31.266676,6
121.491160,31.278473,3
121.463283,31.259168,6
121.463850,31.257614,6
121.466556,31.251136,6
121.466556,31.251136,6
121.494771,31.282333,None
121.465832,31.256572,6
121.464586,31.263862,6
121.464586,31.263862,6
121.499135,31.280731,None
121.465383,31.264645,6
121.465336,31.267645,6
121.488014,31.279501,3
121.465086,31.252727,6
121.478310,31.299968,3
121.468622,31.268727,6
121.468949,31.301113,3
121.470000,31.306166,None
121.492157,31.311325,1
121.493253,31.312591,1
121.490508,31.306701,1
121.479510,31.300769,3
121.478398,31.300815,3
121.496035,31.307509,None
121.495211,31.303455,None
121.479687,31.307415,3
121.479751,31.307421,3
121.488721,31.298407,3
121.480505,31.307458,3
121.480505,31.307458,3
121.495685,31.316125,1
121.480337,31.306757,3
121.477171,31.276082,6
121.478013,31.297009,3
121.479286,31.302266,3
121.479299,31.302287,3
121.479286,31.302266,3
121.477310,31.267151,6
121.477310,31.267151,6
121.477310,31.267151,6
121.477310,31.267151,6
121.477446,31.265031,6
121.478185,31.265273,6
121.474737,31.264396,6
121.478029,31.273236,6
121.480510,31.273254,6
121.472949,31.264859,6
121.474200,31.263584,6
121.478959,31.267738,6
121.498043,31.288857,3
121.494857,31.288463,3
121.472255,31.251675,6
121.471859,31.251520,6
121.498544,31.292340,3
121.493101,31.287585,3
121.494582,31.288287,3
121.455221,31.326569,7
121.462817,31.323807,None
121.474009,31.253817,6
121.458265,31.317417,4
121.458038,31.317360,4
121.455662,31.327190,7
121.455662,31.327190,7
121.471531,31.266763,6
121.481422,31.293218,3
121.451925,31.329676,7
121.450513,31.317955,4
121.469164,31.266475,6
121.469227,31.266504,6
121.504069,31.301412,8
121.471737,31.287111,3
121.447439,31.328179,7
121.501613,31.302744,8
121.501613,31.302744,8
121.453918,31.317749,4
121.502759,31.301283,8
121.475426,31.280481,6
121.452678,31.318476,4
121.471973,31.272601,6
121.473519,31.273418,6
121.492498,31.299120,3
121.485356,31.296706,3
121.448352,31.328909,7
121.454337,31.316497,4
121.489879,31.296257,3
121.491330,31.293749,3
121.482975,31.301642,3
121.475892,31.289425,3
121.488983,31.294373,3
121.450361,31.326112,7
121.449890,31.328109,7
121.497232,31.250992,6
121.497361,31.252007,6
121.491599,31.257752,6
121.489584,31.260942,6
121.502971,31.254419,6
121.494191,31.249727,6
121.464614,31.282535,3
121.498131,31.250511,6
121.497745,31.250259,6
121.462461,31.272867,6
121.462461,31.272867,6
121.464790,31.271995,6
121.470330,31.272459,6
121.470330,31.272459,6
121.464968,31.272067,6
121.467832,31.278003,None
121.466371,31.272354,6
121.461985,31.278333,3
121.494363,31.256033,6
121.502691,31.257026,6
121.503944,31.257961,6
121.495459,31.257331,6
121.487745,31.283870,3
121.489124,31.285038,3
121.489124,31.285038,3
121.487977,31.283106,3
121.485130,31.285447,3
121.472543,31.297350,3
121.484585,31.285551,3
121.490584,31.290404,3
121.483931,31.284662,3
121.478811,31.280946,6
121.489918,31.288461,3
121.478843,31.281150,6
121.488598,31.288403,3
121.488271,31.289165,3
121.488271,31.289165,3
121.488271,31.289165,3
121.481406,31.285783,3
121.479060,31.286420,3
121.487809,31.290079,3
121.487812,31.290081,3
121.477129,31.286262,3
121.467052,31.286071,3
121.470039,31.288983,3
121.473902,31.300274,3
121.478182,31.289040,3
121.478019,31.276334,6
121.470428,31.297017,3
121.477456,31.287446,3
121.471826,31.298779,3
121.469223,31.281132,3
121.475326,31.294377,3
121.480562,31.258458,6
121.485914,31.292786,3
121.471886,31.258659,6
121.487013,31.258332,6
121.486694,31.254555,6
121.478800,31.255518,6
121.478800,31.255518,6
121.468927,31.257272,6
121.468927,31.257272,6
121.468972,31.257292,6
121.477571,31.257129,6
121.479947,31.250193,6
121.471483,31.259434,6
121.471483,31.259434,6
121.471483,31.259434,6
121.471483,31.259434,6
121.471483,31.259434,6
121.471277,31.259758,6
121.478044,31.258421,6
121.479554,31.259232,6
121.472914,31.264279,6
121.485831,31.250112,6
121.486448,31.250332,6
121.498446,31.257410,6
121.488712,31.257219,6
121.481201,31.252063,6
121.480679,31.252580,6
121.497064,31.269248,3
121.495899,31.261505,6
121.500735,31.267524,3
121.490170,31.253751,6
121.490702,31.253769,6
121.489276,31.253355,6
121.489276,31.253355,6
121.489276,31.253355,6
121.489276,31.253355,6
121.489276,31.253355,6
121.489276,31.253355,6
121.489276,31.253355,6
121.489276,31.253355,6
121.500529,31.259539,6
121.499038,31.272306,3
121.499038,31.272306,3
121.503162,31.265463,None
121.498513,31.256309,6
121.481395,31.251026,6
121.481395,31.251026,6
121.482340,31.249512,6
121.493282,31.258658,6
121.471477,31.259435,6
121.467306,31.262491,6
121.498828,31.252546,6
121.489299,31.248176,6
121.527662,31.325181,10
121.470329,31.272458,6
121.445738,31.253503,None
121.480973,31.307090,3
121.512053,31.301551,17
121.476069,31.262317,6
121.477606,31.267446,6
121.385530,31.253587,9
121.487155,31.252705,6
121.523316,31.322949,10
121.523329,31.322522,10
121.470758,31.290800,3
121.482766,31.263691,6
121.482766,31.263691,6
121.481127,31.299089,3
121.488059,31.306426,1
121.419122,31.299968,None
121.447909,31.313632,4
121.489700,31.298255,3
121.464353,31.263611,6
121.417867,31.262558,39
121.429980,31.266579,11
121.472475,31.292582,3
121.489310,31.248177,6
121.474855,31.297308,3
121.398910,31.250975,12
121.426306,31.286484,13
121.422825,31.249478,14
121.498544,31.292340,3
121.488488,31.288754,3
121.423771,31.254902,14
121.470766,31.290802,3
121.431677,31.248277,15
121.489274,31.253352,6
121.489274,31.253355,6
121.457999,31.282429,None
121.490249,31.253166,6
121.499347,31.261137,6
121.494290,31.274935,3
121.490165,31.275062,3
121.500987,31.280620,3
121.583177,31.275588,16
121.607108,31.318068,None
121.583859,31.271843,16
121.606652,31.269825,None
121.605871,31.270172,None
121.522435,31.309329,10
121.580075,31.283936,None
121.523320,31.310757,10
121.523320,31.310757,10
121.523320,31.310757,10
121.523311,31.311741,10
121.526194,31.309830,10
121.529037,31.309867,10
121.529098,31.310206,10
121.531489,31.312325,10
121.533540,31.328599,10
121.587165,31.283822,None
121.590489,31.272189,None
121.610139,31.278422,52
121.538814,31.310390,10
121.533881,31.305950,None
121.516617,31.301380,17
121.537663,31.327707,10
121.533863,31.311899,10
121.535746,31.325003,10
121.534193,31.325220,10
121.524196,31.309459,10
121.524653,31.309462,10
121.524857,31.309459,10
121.525600,31.309370,10
121.527281,31.308215,10
121.539652,31.314866,10
121.525601,31.315498,10
121.524889,31.309457,10
121.287543,31.742443,None
121.411466,31.690314,None
121.297327,31.817562,None
121.287546,31.742429,None
121.348742,31.715835,None
121.366399,31.679337,None
121.404871,31.617240,18
121.399592,31.618330,18
121.481875,31.709398,None
121.494032,31.703471,None
121.537647,31.676079,None
121.212898,31.600748,None
121.489752,31.626365,None
121.457775,31.617857,None
121.404871,31.617242,18
121.405618,31.617094,18
121.406706,31.616865,18
121.405916,31.635371,None
121.383404,31.624226,None
121.404479,31.625535,18
121.397627,31.627992,None
121.399639,31.618849,18
121.404806,31.626047,18
121.404805,31.626047,18
121.399590,31.618332,18
121.393399,31.620719,18
121.404509,31.626646,18
121.404505,31.626642,18
121.407976,31.620326,18
121.401362,31.621834,18
121.400775,31.619234,18
121.410362,31.631125,None
121.409800,31.631725,None
121.457982,31.656444,None
121.400161,31.616656,18
121.400078,31.618812,18
121.597850,31.615726,None
121.393546,31.619344,18
121.396270,31.622495,18
121.655984,31.587359,None
121.710906,31.583715,None
121.256328,31.557100,None
121.260541,31.505048,None
121.279175,31.498165,None
121.260341,31.504949,None
121.620464,31.539051,None
121.674646,31.535876,None
121.722340,31.522439,None
121.581266,31.565251,None
121.523540,31.579035,None
121.523866,31.578936,None
121.620503,31.536548,None
121.869316,31.525899,None
121.806512,31.499426,None
121.765372,31.519716,None
121.132614,31.445589,None
121.837122,31.524665,None
121.130045,31.445776,None
121.170883,31.472494,None
121.238644,31.465569,None
121.240961,31.461026,None
121.214136,31.425816,None
121.285165,31.469234,None
121.285173,31.469219,None
121.365276,31.473946,None
121.254127,31.377468,19
121.250657,31.384252,19
121.245534,31.382925,19
121.239577,31.373510,20
121.239577,31.373510,20
121.245727,31.381868,19
121.252597,31.380398,19
121.252935,31.379808,19
121.239198,31.380038,None
121.241934,31.389827,21
121.253569,31.394660,22
121.249941,31.397990,22
121.249941,31.397990,22
121.247221,31.379337,19
121.247221,31.379337,19
121.250590,31.397875,22
121.251899,31.371989,19
121.235226,31.373097,20
121.251560,31.373176,19
121.251612,31.368870,19
121.248940,31.381714,19
121.251103,31.383567,19
121.254055,31.368212,19
121.250878,31.383387,19
121.241043,31.373874,20
121.191427,31.410667,None
121.176466,31.360444,None
121.173150,31.362793,None
121.305057,31.431425,None
121.307150,31.497743,None
121.336987,31.481730,None
121.323366,31.465450,None
121.233122,31.353153,None
121.186876,31.358432,None
121.239378,31.387749,21
121.239378,31.387749,21
121.239378,31.387749,21
121.432042,31.416934,23
121.150082,31.345284,None
121.431015,31.416730,23
121.431014,31.416733,23
121.431114,31.416505,23
121.235109,31.377016,20
121.413931,31.417900,None
121.163266,31.370813,None
121.234407,31.376995,20
121.140369,31.359626,None
121.170885,31.364824,None
121.345084,31.365333,None
121.271763,31.379434,24
121.270842,31.379277,24
121.270842,31.379277,24
121.271366,31.376519,24
121.254612,31.376181,19
121.342213,31.348683,None
121.282125,31.340210,None
121.264872,31.384201,24
121.366524,31.360421,None
121.266853,31.381513,24
121.276519,31.350821,None
121.316503,31.354178,None
121.316503,31.354178,None
121.298615,31.376590,None
121.296082,31.393888,None
121.332423,31.388626,None
121.325963,31.357080,None
121.276136,31.371792,None
121.276139,31.371785,None
121.260797,31.386311,24
121.283997,31.334279,None
121.269309,31.386145,24
121.247662,31.386789,19
121.247907,31.387010,19
121.342675,31.414522,None
121.249433,31.386328,19
121.248913,31.387162,19
121.248859,31.387297,19
121.248764,31.387582,19
121.248764,31.387582,19
121.248764,31.387582,19
121.251162,31.387431,19
121.248765,31.387581,19
121.348604,31.412505,None
121.340006,31.410376,None
121.251218,31.388495,19
121.251162,31.387431,19
121.360838,31.384656,None
121.251414,31.387787,19
121.251708,31.386929,19
121.376209,31.367454,None
121.337478,31.399350,None
121.248460,31.383878,19
121.246157,31.386996,19
121.271070,31.414403,None
121.235387,31.366017,None
121.412165,31.345350,None
121.424395,31.350423,None
121.430959,31.351185,None
121.424437,31.348312,None
121.491322,31.345605,29
121.433024,31.350374,None
121.456405,31.403933,None
121.433251,31.412578,23
121.497195,31.373727,25
121.497199,31.373727,25
121.497196,31.373731,25
121.441649,31.375315,26
121.445472,31.333235,27
121.445331,31.333173,27
121.442472,31.332478,27
121.442416,31.333573,27
121.400657,31.341811,None
121.480660,31.336795,28
121.480631,31.334015,28
121.497051,31.373659,25
121.458259,31.336644,27
121.480628,31.334014,28
121.256976,31.384826,24
121.444015,31.371146,26
121.444007,31.371146,26
121.443143,31.372325,26
121.444730,31.340196,27
121.438223,31.378430,26
121.497658,31.374036,25
121.420847,31.410807,None
121.489095,31.342136,29
121.410142,31.393125,None
121.256743,31.385677,24
121.408890,31.353021,None
121.453927,31.336303,27
121.485746,31.344557,29
121.495565,31.379970,25
121.492699,31.408378,30
121.491218,31.383417,25
121.491254,31.383381,25
121.491295,31.381047,25
121.493716,31.393329,None
121.494848,31.377790,25
121.495069,31.377588,25
121.495145,31.377317,25
121.484203,31.405877,30
121.484203,31.405877,30
121.484203,31.405877,30
121.484642,31.405680,30
121.484676,31.405692,30
121.484751,31.405719,30
121.485559,31.409294,30
121.485428,31.409250,30
121.492013,31.388578,25
121.476405,31.408174,31
121.476988,31.408639,31
121.476988,31.408639,31
121.476988,31.408639,31
121.476988,31.408639,31
121.476988,31.408639,31
121.477391,31.408905,31
121.485901,31.409845,30
121.496975,31.381471,25
121.486380,31.406310,30
121.489642,31.407237,30
121.491229,31.383565,25
121.491229,31.383565,25
121.491534,31.383686,25
121.491630,31.383741,25
121.495684,31.401646,None
121.491534,31.383686,25
121.496371,31.378030,25
121.497235,31.378329,25
121.486622,31.409762,30
121.493889,31.404006,30
121.490765,31.411882,30
121.492542,31.411805,30
121.448139,31.339377,27
121.395322,31.347914,None
121.405081,31.351285,None
121.487943,31.340288,29
121.456987,31.338962,27
121.485522,31.344499,29
121.483761,31.338872,28
121.449564,31.335049,27
121.407237,31.350100,None
121.499318,31.393568,33
121.448556,31.337024,27
121.441270,31.358607,None
121.456562,31.357904,None
121.422419,31.333031,None
121.422419,31.333031,None
121.500956,31.393545,33
121.496976,31.371937,25
121.586466,31.340666,None
121.575543,31.347647,32
121.572753,31.348253,32
121.570217,31.346997,32
121.572656,31.341599,32
121.572281,31.341902,32
121.573413,31.342432,32
121.563565,31.345934,32
121.538781,31.378877,None
121.541232,31.365498,None
121.587502,31.342362,None
121.567198,31.345375,32
121.611893,31.340570,None
121.570154,31.345994,32
121.535097,31.358382,None
121.533503,31.349686,None
121.530630,31.350853,None
121.525598,31.372372,None
121.581739,31.349914,32
121.586084,31.348875,32
121.498828,31.398799,33
121.489308,31.401677,30
121.498579,31.395635,33
121.436430,31.332674,None
121.580329,31.344707,32
121.580329,31.344707,32
121.580329,31.344707,32
121.580329,31.344707,32
121.578727,31.342898,32
121.581647,31.346476,32
121.482182,31.399719,30
121.484430,31.407194,30
121.487917,31.401716,30
121.579639,31.349960,32
121.578013,31.350416,32
121.583619,31.346893,32
121.483348,31.402721,30
121.580624,31.344977,32
121.483795,31.404995,30
121.573184,31.348254,32
121.486142,31.404465,30
121.465111,31.408042,None
121.166727,31.291711,None
121.205113,31.275088,None
121.219118,31.314930,34
121.173887,31.328726,None
121.173887,31.328726,None
121.250308,31.268184,None
121.161125,31.291676,35
121.147402,31.294555,None
121.217443,31.267561,None
121.218020,31.317829,34
121.568394,31.350389,32
121.587418,31.342451,None
121.578988,31.343412,32
121.156049,31.300236,35
121.047104,31.315201,None
121.047104,31.315200,None
121.008299,31.267773,None
121.007673,31.260805,None
121.085658,31.259852,None
121.152683,31.301611,35
121.082866,31.254221,None
121.037408,31.316299,None
121.147039,31.300491,None
121.085830,31.302502,None
121.219035,31.319221,34
121.161363,31.295944,35
121.161363,31.295944,35
121.213320,31.322836,34
121.213320,31.322836,34
121.081717,31.325471,None
121.217364,31.320461,34
121.211456,31.325295,34
121.159269,31.294936,35
121.153968,31.296892,35
121.156568,31.295062,35
121.155628,31.298044,35
121.217206,31.318760,34
121.350668,31.287011,None
121.342994,31.260384,None
121.347087,31.256872,36
121.304666,31.288873,None
121.294640,31.271543,None
121.294636,31.271545,None
121.300462,31.310695,None
121.310974,31.291641,37
121.310998,31.291145,37
121.271627,31.296126,None
121.301831,31.304282,None
121.348593,31.285426,None
121.311483,31.293781,37
121.294637,31.271543,None
121.377866,31.259133,None
121.209367,31.256962,None
121.245954,31.275210,None
121.374571,31.256390,None
121.369789,31.256122,None
121.148375,31.319706,None
121.154869,31.306185,None
121.377572,31.250404,9
121.369571,31.251360,None
121.357722,31.254767,None
121.354064,31.281300,None
121.310444,31.291295,37
121.363585,31.249787,38
121.367148,31.284750,None
121.377924,31.261779,None
121.364120,31.248338,38
121.356838,31.256078,36
121.457431,31.267156,2
121.453793,31.255842,6
121.450579,31.257621,6
121.456365,31.256846,6
121.454773,31.270987,2
121.454796,31.270987,2
121.459683,31.257369,6
121.459809,31.257345,6
121.461594,31.254295,6
121.461785,31.253723,6
121.439106,31.304550,4
121.452875,31.254386,6
121.348732,31.257821,36
121.349361,31.257661,36
121.352102,31.256181,36
121.376924,31.298648,None
121.354380,31.281784,None
121.459687,31.257371,6
121.354366,31.280651,None
121.317907,31.259231,None
121.445158,31.287962,None
121.355337,31.294035,None
121.260187,31.248297,None
121.444618,31.259749,None
121.450015,31.283521,None
121.453889,31.273023,2
121.418975,31.299904,None
121.448114,31.313281,4
121.385260,31.260697,None
121.355424,31.264804,None
121.348960,31.260633,36
121.443829,31.307791,4
121.440995,31.325674,4
121.442705,31.313827,4
121.442844,31.313858,4
121.445194,31.314687,4
121.445194,31.314687,4
121.437974,31.282315,None
121.441396,31.287812,None
121.442161,31.321379,4
121.453518,31.271967,2
121.454841,31.271457,2
121.443384,31.310775,4
121.453132,31.270839,2
121.453132,31.270839,2
121.440509,31.317925,4
121.441785,31.308005,4
121.437406,31.316857,4
121.437429,31.316630,4
121.439133,31.321493,4
121.443435,31.308365,4
121.443435,31.308365,4
121.453518,31.271967,2
121.453518,31.271967,2
121.425660,31.300639,None
121.416677,31.299776,None
121.431788,31.284390,None
121.433793,31.274388,None
121.426213,31.283766,13
121.426213,31.283766,13
121.429530,31.302764,None
121.445617,31.266224,None
121.432203,31.293491,None
121.432203,31.293491,None
121.425679,31.289518,13
121.425679,31.289518,13
121.425679,31.289518,13
121.440582,31.270156,None
121.426126,31.293469,13
121.400193,31.248546,12
121.386818,31.269326,None
121.412225,31.290365,None
121.398033,31.255999,None
121.398033,31.255999,None
121.398033,31.255999,None
121.401889,31.261459,None
121.404266,31.283237,None
121.406682,31.284754,None
121.382992,31.254270,9
121.383025,31.254355,9
121.401968,31.280767,None
121.398799,31.284927,None
121.384021,31.250969,9
121.398728,31.250989,12
121.412647,31.283440,None
121.380906,31.251644,9
121.388584,31.269503,None
121.440757,31.263544,None
121.438832,31.256774,None
121.431393,31.259978,11
121.405775,31.258469,None
121.444618,31.259749,None
121.431649,31.265696,11
121.387649,31.252322,9
121.445852,31.260932,None
121.431306,31.266757,11
121.431306,31.266757,11
121.431306,31.266757,11
121.430396,31.266691,11
121.431306,31.266757,11
121.390516,31.259392,None
121.404941,31.275945,None
121.439812,31.254507,None
121.382362,31.314587,None
121.411717,31.302918,5
121.408951,31.308289,5
121.431439,31.248405,15
121.425173,31.279012,13
121.425173,31.279012,13
121.422293,31.281055,13
121.423344,31.276604,13
121.417143,31.287306,None
121.420973,31.277383,13
121.414893,31.283918,None
121.382044,31.317379,None
121.418538,31.272518,None
121.408040,31.299737,5
121.432706,31.304097,None
121.414066,31.252740,None
121.416899,31.255941,None
121.425270,31.261428,11
121.429962,31.267065,11
121.429962,31.267065,11
121.429935,31.267134,11
121.429962,31.267065,11
121.427354,31.261820,11
121.429962,31.267065,11
121.423771,31.254902,14
121.423769,31.254909,14
121.425570,31.263358,11
121.425502,31.253024,14
121.426420,31.252827,14
121.424785,31.264528,11
121.419005,31.270796,11
121.425392,31.260497,11
121.428667,31.253649,14
121.413805,31.266668,39
121.413805,31.266668,39
121.413805,31.266668,39
121.423046,31.268629,11
121.430831,31.249097,15
121.428290,31.270233,11
121.417608,31.265822,39
121.416743,31.265975,39
121.426613,31.266963,11
121.423426,31.253387,14
121.490107,31.314409,1
121.487600,31.315633,1
121.464036,31.268091,6
121.487600,31.315633,1
121.487600,31.315633,1
121.487600,31.315633,1
121.487600,31.315633,1
121.459231,31.266205,2
121.397219,31.213350,6
121.404853,31.212252,6
121.410552,31.209597,6
121.405251,31.214751,6
121.404896,31.214742,6
121.405212,31.215953,6
121.408132,31.208782,6
121.397821,31.214862,6
121.407200,31.214919,6
121.403399,31.214515,6
121.420772,31.177995,40
121.422199,31.176526,40
121.423371,31.177675,40
121.409944,31.180394,None
121.423939,31.178257,40
121.424790,31.167112,40
121.422510,31.173363,40
121.388063,31.167085,None
121.433979,31.166714,40
121.433974,31.166930,40
121.434041,31.167054,40
121.434148,31.167189,40
121.433219,31.167225,40
121.434105,31.167534,40
121.432879,31.168093,40
121.394991,31.175035,41
121.394992,31.175035,41
121.392522,31.179435,41
121.392523,31.179435,41
121.425731,31.172561,40
121.393732,31.178899,41
121.392523,31.179435,41
121.426714,31.169933,40
121.429850,31.168470,40
121.422937,31.178919,40
121.422937,31.178919,40
121.422937,31.178919,40
121.422637,31.178995,40
121.390363,31.244393,12
121.393997,31.242583,12
121.407782,31.231293,12
121.406946,31.217562,6
121.417792,31.193296,6
121.425246,31.183118,40
121.406946,31.217562,6
121.405845,31.217969,6
121.417647,31.189678,6
121.407905,31.200820,6
121.397122,31.232307,None
121.430513,31.177395,6
121.430814,31.177520,6
121.403023,31.221039,6
121.489399,31.246800,6
121.460287,31.225301,6
121.487884,31.233571,6
121.449371,31.225108,6
121.444136,31.237957,6
121.398180,31.246798,12
121.458370,31.228559,6
121.428529,31.247924,15
121.451544,31.226595,6
121.484763,31.239248,6
121.485605,31.237488,6
121.425280,31.174657,40
121.434585,31.228371,6
121.434105,31.167340,40
121.417416,31.172791,None
121.387369,31.198777,None
121.449305,31.238052,6
121.467339,31.211614,6
121.490226,31.210733,6
121.460769,31.194674,6
121.490756,31.210884,6
121.493490,31.199134,6
121.469131,31.204871,6
121.457090,31.191094,6
121.379409,31.177483,42
121.437322,31.202558,6
121.450277,31.188870,6
121.448834,31.180178,6
121.439772,31.197087,6
121.422111,31.190969,6
121.437700,31.172744,40
121.466794,31.215471,6
121.494600,31.212957,6
121.496754,31.215264,6
121.485561,31.216410,6
121.406162,31.214804,6
121.406146,31.214804,6
121.393891,31.245061,12
121.442641,31.230273,6
121.444540,31.228257,6
121.432342,31.214158,6
121.484983,31.219491,6
121.404120,31.241589,12
121.437674,31.219350,6
121.437674,31.219350,6
121.411440,31.216856,6
121.413681,31.209217,6
121.453340,31.198843,6
121.417168,31.225693,None
121.487296,31.224503,6
121.384477,31.207344,71
121.422958,31.235790,43
121.481980,31.227905,6
121.419201,31.231040,43
121.419396,31.238374,43
121.406355,31.229618,12
121.450899,31.229889,6
121.429506,31.165456,40
121.390563,31.244334,12
121.449798,31.234504,6
121.529036,31.186830,None
121.535394,31.168685,None
121.544773,31.185029,45
121.540510,31.185005,None
121.530725,31.193373,None
121.548953,31.171344,44
121.530928,31.191556,None
121.531934,31.192323,None
121.550289,31.190276,45
121.550289,31.190276,45
121.534586,31.200198,None
121.553333,31.185290,45
121.553333,31.185290,45
121.551892,31.188101,45
121.548483,31.184722,45
121.506813,31.211894,6
121.439912,31.208460,6
121.434937,31.214957,6
121.504939,31.209950,6
121.505565,31.210271,6
121.505383,31.209950,6
121.505710,31.214236,6
121.505710,31.214236,6
121.494296,31.223870,6
121.457670,31.209892,6
121.461163,31.203499,6
121.459486,31.210163,6
121.460369,31.212567,6
121.379414,31.177489,42
121.418388,31.196704,6
121.457276,31.198173,6
121.541846,31.170207,None
121.541346,31.170077,None
121.538697,31.178710,None
121.539173,31.178038,None
121.510400,31.197946,46
121.509003,31.196953,46
121.523586,31.205269,47
121.523581,31.205271,47
121.523586,31.205271,47
121.523069,31.204755,47
121.515700,31.168148,None
121.548468,31.171282,44
121.548463,31.171098,44
121.548423,31.170945,44
121.444354,31.208303,6
121.555429,31.243504,48
121.558848,31.241075,48
121.552147,31.210792,49
121.550433,31.231968,None
121.553056,31.206478,49
121.561355,31.226812,50
121.561355,31.226812,50
121.559450,31.228209,50
121.549664,31.208669,49
121.556266,31.229209,50
121.556266,31.229209,50
121.535465,31.321779,10
121.535569,31.321756,10
121.536537,31.321396,10
121.537655,31.321044,10
121.538255,31.319221,10
121.530177,31.318040,10
121.529679,31.317957,10
121.538382,31.315117,10
121.525576,31.318918,10
121.536471,31.328130,10
121.536259,31.317231,10
121.536016,31.318011,10
121.539113,31.327997,10
121.538289,31.320882,10
121.532936,31.318379,10
121.516732,31.304132,17
121.516645,31.304330,17
121.538684,31.320347,10
121.585429,31.264579,None
121.587061,31.266161,None
121.609879,31.283421,52
121.584773,31.255018,51
121.611864,31.281217,52
121.607066,31.295049,None
121.607066,31.295049,None
121.614997,31.282194,52
121.581634,31.251905,51
121.610319,31.290619,None
121.581222,31.270356,16
121.580185,31.261966,None
121.580355,31.270251,16
121.581707,31.271968,16
121.580355,31.270251,16
121.585518,31.249638,51
121.565562,31.257758,53
121.563599,31.256823,53
121.600756,31.282680,None
121.562725,31.258743,53
121.613834,31.267365,54
121.614541,31.266355,54
121.613470,31.263674,54
121.613470,31.263674,54
121.569300,31.248795,55
121.575618,31.253513,None
121.593729,31.266530,56
121.601587,31.272416,None
121.571431,31.265222,None
121.571431,31.265222,None
121.589146,31.256401,51
121.570083,31.263171,None
121.584994,31.254440,51
121.584994,31.254440,51
121.607428,31.263728,None
121.596676,31.277708,None
121.598557,31.277387,None
121.598557,31.277387,None
121.588567,31.269225,None
121.599213,31.257288,None
121.594718,31.264729,56
121.569779,31.248113,55
121.516389,31.281042,57
121.513380,31.279574,57
121.580848,31.326006,None
121.529969,31.257554,58
121.578328,31.313704,None
121.513297,31.278948,57
121.525892,31.254250,6
121.516347,31.281205,57
121.515021,31.276606,57
121.507054,31.273779,None
121.535283,31.253789,58
121.514328,31.277468,57
121.538660,31.257210,58
121.538399,31.260995,58
121.519101,31.274701,57
121.520731,31.254938,6
121.536014,31.260520,58
121.538399,31.260993,58
121.519439,31.300872,17
121.554169,31.277113,59
121.517170,31.274441,57
121.532371,31.268819,6
121.520731,31.254938,6
121.514434,31.265996,6
121.596385,31.267402,56
121.597250,31.263028,56
121.559024,31.256754,53
121.559024,31.256754,53
121.562463,31.257129,53
121.562709,31.256768,53
121.583947,31.330432,None
121.568201,31.248210,55
121.562406,31.248611,None
121.557926,31.250356,53
121.551760,31.251374,48
121.553338,31.253061,48
121.551656,31.251260,48
121.563418,31.249355,55
121.597858,31.317337,None
121.528617,31.268215,6
121.523133,31.264467,6
121.526280,31.267177,6
121.522606,31.279485,57
121.523867,31.263924,6
121.521005,31.280324,57
121.508396,31.288370,17
121.517648,31.274133,57
121.517648,31.274133,57
121.511436,31.294341,17
121.512745,31.273437,57
121.513494,31.271161,57
121.528480,31.268990,6
121.532065,31.269850,6
121.532705,31.269471,6
121.532127,31.269028,6
121.516238,31.290827,17
121.514470,31.269851,57
121.520143,31.259273,6
121.522198,31.256764,6
121.518516,31.290581,None
121.521717,31.255589,6
121.520525,31.255175,6
121.520319,31.254726,6
121.520319,31.254726,6
121.511130,31.289452,17
121.511073,31.289473,17
121.511073,31.289473,17
121.506773,31.269475,None
121.523623,31.257877,6
121.515105,31.261992,6
121.524165,31.252627,6
121.516243,31.255453,6
121.522261,31.283544,57
121.513317,31.294206,17
121.541153,31.298120,57
121.542790,31.296858,57
121.544774,31.297763,57
121.544774,31.297763,57
121.534550,31.291801,57
121.527142,31.284229,57
121.530861,31.282654,57
121.530861,31.282654,57
121.530861,31.282654,57
121.530861,31.282654,57
121.530861,31.282654,57
121.532403,31.280464,57
121.532403,31.280464,57
121.532403,31.280464,57
121.523500,31.289806,57
121.532409,31.287486,57
121.531947,31.287436,57
121.545159,31.265094,58
121.529388,31.281587,57
121.529829,31.285801,57
121.543402,31.261045,58
121.528750,31.282887,57
121.539367,31.297726,57
121.537612,31.296080,57
121.531580,31.280737,57
121.527731,31.283775,57
121.546619,31.264094,58
121.533194,31.261407,58
121.513637,31.253297,6
121.532094,31.260734,58
121.510665,31.255617,6
121.510526,31.256390,6
121.510345,31.255847,6
121.511836,31.257024,6
121.511459,31.257252,6
121.526661,31.263248,6
121.506092,31.253073,6
121.506092,31.253073,6
121.524375,31.261412,6
121.511021,31.259322,6
121.549941,31.271508,60
121.550750,31.271671,60
121.550552,31.271068,60
121.550603,31.272180,60
121.510117,31.253345,6
121.513708,31.256354,6
121.517434,31.274384,57
121.519302,31.273555,57
121.524399,31.276306,57
121.539273,31.258284,58
121.510863,31.257687,6
121.512170,31.256727,6
121.552941,31.278440,59
121.552941,31.278440,59
121.552941,31.278440,59
121.552162,31.278473,59
121.526056,31.265274,6
121.526029,31.267609,6
121.539247,31.271865,58
121.553521,31.276867,59
121.517072,31.298159,17
121.517072,31.298159,17
121.517056,31.297937,17
121.521883,31.258717,6
121.522230,31.260200,6
121.527974,31.301944,17
121.526845,31.303230,17
121.528046,31.301964,17
121.523367,31.301901,17
121.523292,31.301880,17
121.554197,31.293168,None
121.518777,31.259712,6
121.524015,31.254947,6
121.518381,31.253146,6
121.557670,31.289161,None
121.523644,31.257806,6
121.514947,31.252029,6
121.545047,31.272970,None
121.545047,31.272970,None
121.513546,31.253301,6
121.530149,31.274265,6
121.511010,31.257528,6
121.511010,31.257528,6
121.511010,31.257529,6
121.537775,31.272457,58
121.534208,31.278678,57
121.546100,31.291044,57
121.546257,31.291193,57
121.538218,31.267991,58
121.543532,31.265995,58
121.534764,31.299773,57
121.552019,31.282224,59
121.552019,31.282224,59
121.535183,31.302143,57
121.548888,31.289004,57
121.537310,31.288739,57
121.543312,31.268267,58
121.541764,31.307014,10
121.551794,31.281497,59
121.537936,31.292214,57
121.542844,31.268326,58
121.539812,31.280676,None
121.542356,31.290870,57
121.543002,31.290604,57
121.543273,31.290595,57
121.094044,31.211982,None
121.641157,31.310745,None
121.634450,31.284506,None
121.685918,31.261430,None
121.632847,31.304529,None
121.665612,31.290832,None
121.632847,31.304529,None
121.697588,31.267457,None
121.665206,31.291764,None
121.065204,31.183357,None
121.682665,31.258253,None
121.625611,31.325570,None
121.522849,31.321726,10
121.520236,31.281404,57
121.525167,31.286545,57
121.560235,31.254584,53
121.533237,31.277719,57
121.505824,31.304271,8
121.526372,31.278440,57
121.530981,31.282057,57
121.556145,31.277543,59
121.518789,31.302689,17
121.533901,31.284630,57
121.514033,31.295735,17
121.541818,31.281419,None
121.510741,31.293434,17
121.589062,31.256336,51
121.533570,31.296478,57
121.539367,31.297726,57
121.375753,31.237375,None
121.377342,31.246070,None
121.358180,31.239235,38
121.224668,31.241958,None
121.361759,31.244748,38
121.369531,31.183808,63
121.376239,31.208336,61
121.371818,31.188387,62
121.372092,31.168304,42
121.372092,31.168304,42
121.377726,31.171134,42
121.378520,31.171196,42
121.364299,31.184198,62
121.374397,31.169182,42
121.369578,31.233235,None
121.364637,31.176382,63
121.364637,31.176382,63
121.365758,31.176291,63
121.359225,31.233642,None
121.367123,31.178671,63
121.372308,31.182311,63
121.375269,31.172961,42
121.374076,31.176644,42
121.375561,31.176532,42
121.376682,31.175873,42
121.146715,31.187275,None
121.144665,31.202990,None
121.144665,31.202990,None
121.179676,31.202478,None
121.230480,31.204772,None
121.128559,31.201327,None
121.228006,31.243840,None
121.250583,31.216770,None
121.233671,31.201981,None
121.233767,31.243160,None
121.224921,31.243047,None
121.136212,31.185989,None
121.231953,31.204141,None
121.238667,31.212765,None
121.228119,31.199432,None
121.234390,31.246196,None
121.234388,31.246196,None
121.329995,31.208064,None
121.364357,31.198170,61
121.362064,31.201723,61
121.361739,31.204407,61
121.377400,31.192415,62
121.378315,31.192983,62
121.359577,31.205801,61
121.372726,31.239287,None
121.368646,31.237330,None
121.361758,31.244748,38
121.322377,31.193330,None
121.322380,31.193329,None
121.368684,31.207684,61
121.369132,31.206874,61
121.366262,31.208114,61
121.360720,31.241874,38
121.326356,31.222036,64
121.330655,31.222946,64
121.361777,31.208610,61
121.348672,31.188634,None
121.364782,31.242605,38
121.327529,31.224525,64
121.372265,31.215655,61
121.371881,31.215246,61
121.360514,31.210703,61
121.360231,31.215072,61
121.372800,31.193327,62
121.374168,31.191641,62
121.367916,31.220043,61
121.366710,31.188209,62
121.364539,31.220584,61
121.376353,31.210218,61
121.376466,31.208958,61
121.376466,31.208958,61
121.377094,31.208427,61
121.377094,31.208427,61
121.376415,31.207974,61
121.377639,31.207929,61
121.364326,31.216517,61
121.379198,31.207897,61
121.367091,31.217881,61
121.354431,31.213376,61
121.354431,31.213376,61
121.354431,31.213376,61
121.372067,31.188375,62
121.354431,31.213376,61
121.372067,31.188375,62
121.367349,31.189730,62
121.367431,31.189559,62
121.369934,31.192325,62
121.358892,31.213810,61
121.358880,31.213675,61
121.258483,31.172972,None
121.271586,31.176113,65
121.271586,31.176113,65
121.277810,31.245837,None
121.294058,31.181809,None
121.268657,31.228824,None
121.263652,31.169301,None
121.323380,31.247972,None
121.327772,31.167443,None
121.329114,31.166279,None
121.266988,31.165942,None
121.276684,31.168756,None
121.359047,31.174499,67
121.272370,31.206322,None
121.291611,31.208752,None
121.291608,31.208752,None
121.291611,31.208747,None
121.351432,31.177049,None
121.307406,31.176032,None
121.307406,31.176032,None
121.349220,31.166234,66
121.325695,31.236876,None
121.354015,31.177596,67
121.338459,31.174562,None
121.328305,31.217622,64
121.337408,31.176058,None
121.338377,31.172348,None
121.340083,31.224226,None
121.347913,31.169738,66
121.334103,31.207463,None
121.317265,31.220322,None
121.354828,31.173017,67
121.352964,31.172593,67
121.341868,31.228109,None
121.422492,31.208938,6
121.437234,31.170807,40
121.422494,31.208937,6
121.440618,31.170525,40
121.444049,31.231734,6
121.454238,31.197500,6
121.454238,31.197500,6
121.439025,31.170921,40
121.417784,31.194464,6
121.442551,31.169646,40
121.363121,31.245772,38
121.368735,31.179706,63
121.436743,31.173540,40
121.435982,31.175514,40
121.436157,31.174975,40
121.436580,31.168826,40
121.442188,31.174535,40
121.442747,31.176715,40
121.496429,31.219705,6
121.485483,31.202928,6
121.476059,31.201681,6
121.476059,31.201681,6
121.448674,31.187544,6
121.448674,31.187537,6
121.448677,31.187541,6
121.453574,31.191669,6
121.443045,31.216186,6
121.443045,31.216186,6
121.443045,31.216186,6
121.443045,31.216186,6
121.443045,31.216186,6
121.453622,31.218504,6
121.478712,31.222645,6
121.431758,31.194501,6
121.441769,31.234449,6
121.273316,31.242684,None
121.297997,31.206829,None
121.258483,31.172972,None
121.302404,31.213171,None
121.313454,31.165879,None
121.270597,31.169474,65
121.369227,31.218379,61
121.293988,31.201330,None
121.317960,31.166303,None
121.272573,31.172076,65
121.276229,31.218826,None
121.374387,31.211756,61
121.271067,31.176395,65
121.271255,31.175959,65
121.426525,31.204845,6
121.426525,31.204845,6
121.440876,31.206563,6
121.426304,31.204257,6
121.426304,31.204257,6
121.429015,31.203381,6
121.442734,31.215237,6
121.443661,31.215417,6
121.436498,31.209064,6
121.436741,31.207200,6
121.418778,31.207776,6
121.443023,31.215994,6
121.443023,31.215994,6
121.443023,31.215994,6
121.443023,31.215994,6
121.443023,31.215994,6
121.443023,31.215994,6
121.433693,31.206131,6
121.443931,31.216461,6
121.443023,31.215994,6
121.443023,31.215994,6
121.443061,31.216912,6
121.439645,31.215704,6
121.438833,31.214433,6
121.438833,31.214433,6
121.438833,31.214433,6
121.419609,31.205404,6
121.419609,31.205404,6
121.422425,31.204702,6
121.422425,31.204702,6
121.445437,31.217851,6
121.414782,31.207449,6
121.438290,31.215308,6
121.422425,31.204702,6
121.438290,31.215308,6
121.444351,31.208303,6
121.429414,31.205722,6
121.443752,31.219713,6
121.429681,31.203951,6
121.442488,31.219199,6
121.441546,31.218294,6
121.441546,31.218294,6
121.441658,31.219051,6
121.440349,31.218907,6
121.440052,31.218812,6
121.422494,31.208937,6
121.438894,31.217802,6
121.419793,31.194650,6
121.422219,31.189834,6
121.419983,31.202049,6
121.422219,31.189834,6
121.422219,31.189834,6
121.422219,31.189834,6
121.422219,31.189834,6
121.422332,31.190098,6
121.427092,31.193629,6
121.427048,31.198812,6
121.427344,31.198338,6
121.425870,31.197403,6
121.425870,31.197403,6
121.426122,31.198386,6
121.425262,31.197814,6
121.434349,31.202131,6
121.426183,31.192140,6
121.439772,31.198909,6
121.439772,31.198909,6
121.439772,31.198909,6
121.433115,31.212070,6
121.433105,31.212077,6
121.433557,31.212492,6
121.431844,31.213269,6
121.439772,31.198909,6
121.440280,31.199147,6
121.439772,31.198909,6
121.439772,31.197089,6
121.439772,31.197089,6
121.438537,31.197220,6
121.437943,31.196614,6
121.437994,31.196495,6
121.438832,31.196044,6
121.438832,31.196044,6
121.439525,31.195653,6
121.434411,31.201359,6
121.432405,31.193680,6
121.437134,31.203148,6
121.429008,31.200008,6
121.428813,31.200085,6
121.422847,31.201051,6
121.422847,31.201051,6
121.431761,31.194509,6
121.425678,31.203161,6
121.424573,31.197995,6
121.422394,31.200684,6
121.462287,31.210180,6
121.466522,31.215884,6
121.465285,31.215777,6
121.466372,31.217156,6
121.465772,31.207967,6
121.465366,31.217989,6
121.465366,31.217989,6
121.466101,31.209668,6
121.464753,31.209894,6
121.447609,31.205778,6
121.450094,31.200349,6
121.465527,31.219360,6
121.466861,31.215213,6
121.445473,31.199308,6
121.463358,31.222095,6
121.445506,31.198283,6
121.469514,31.210487,6
121.445490,31.198343,6
121.470181,31.222383,6
121.470181,31.222383,6
121.469986,31.222318,6
121.466615,31.210480,6
121.466538,31.211504,6
121.466538,31.211504,6
121.466055,31.211802,6
121.469516,31.218845,6
121.470672,31.219697,6
121.470672,31.219697,6
121.458970,31.211539,6
121.457903,31.212884,6
121.460663,31.210187,6
121.450041,31.212308,6
121.451108,31.213136,6
121.453491,31.215083,6
121.453491,31.215083,6
121.449814,31.216995,6
121.450307,31.215224,6
121.450307,31.215224,6
121.450015,31.215025,6
121.453620,31.218506,6
121.453620,31.218506,6
121.453620,31.218506,6
121.458080,31.221340,6
121.456255,31.219995,6
121.456255,31.219995,6
121.456255,31.219995,6
121.456574,31.220036,6
121.457200,31.220652,6
121.456255,31.219995,6
121.458535,31.217482,6
121.458695,31.216811,6
121.458371,31.217074,6
121.458371,31.217074,6
121.460348,31.214536,6
121.460348,31.214535,6
121.461984,31.216284,6
121.463787,31.217354,6
121.464249,31.217099,6
121.455212,31.217468,6
121.461852,31.216456,6
121.462207,31.216775,6
121.460973,31.205820,6
121.450371,31.210207,6
121.455939,31.204237,6
121.454764,31.206817,6
121.457640,31.206114,6
121.456257,31.211437,6
121.455598,31.211519,6
121.453343,31.209551,6
121.453343,31.209551,6
121.453343,31.209551,6
121.453343,31.209551,6
121.453343,31.209551,6
121.473818,31.198540,6
121.431561,31.190080,6
121.431949,31.191856,6
121.473205,31.198466,6
121.474102,31.199620,6
121.474949,31.200183,6
121.433525,31.183365,6
121.430145,31.181966,6
121.430145,31.181966,6
121.439236,31.198727,6
121.425342,31.190910,6
121.472061,31.197707,6
121.434430,31.186498,6
121.433311,31.187328,6
121.447440,31.211736,6
121.447440,31.211736,6
121.447440,31.211736,6
121.444835,31.217303,6
121.466732,31.209818,6
121.451167,31.202898,6
121.455980,31.217973,6
121.455980,31.217973,6
121.456373,31.220002,6
121.461446,31.201300,6
121.449292,31.180049,6
121.451363,31.199489,6
121.442084,31.192407,6
121.453587,31.199581,6
121.453373,31.199502,6
121.452880,31.199087,6
121.457479,31.198244,6
121.451743,31.179011,6
121.439321,31.192136,6
121.453345,31.198847,6
121.453004,31.177147,6
121.449674,31.170848,68
121.455151,31.197512,6
121.454057,31.198570,6
121.455649,31.197121,6
121.454238,31.197500,6
121.454238,31.197500,6
121.452869,31.198468,6
121.455602,31.197804,6
121.449103,31.166677,68
121.461385,31.199672,6
121.461202,31.200027,6
121.458362,31.197602,6
121.454982,31.167433,None
121.458362,31.197602,6
121.458327,31.197503,6
121.457663,31.199447,6
121.457808,31.200013,6
121.460800,31.200527,6
121.458777,31.201778,6
121.442660,31.193919,6
121.447813,31.197932,6
121.446220,31.191448,6
121.443930,31.190709,6
121.473281,31.203398,6
121.471786,31.203347,6
121.465427,31.192009,6
121.461253,31.188994,6
121.458570,31.192032,6
121.453663,31.192908,6
121.454124,31.194956,6
121.471791,31.205966,6
121.472214,31.207489,6
121.456737,31.186756,6
121.446027,31.180987,6
121.454120,31.183321,6
121.444458,31.186968,6
121.444009,31.187203,6
121.453574,31.191666,6
121.455118,31.186882,6
121.455118,31.186882,6
121.472749,31.197870,6
121.471901,31.206507,6
121.440161,31.179738,40
121.446467,31.187999,6
121.449627,31.187451,6
121.450117,31.187970,6
121.449739,31.188568,6
121.452001,31.189030,6
121.454214,31.190299,6
121.453002,31.190212,6
121.453152,31.190655,6
121.453152,31.190655,6
121.447087,31.173240,68
121.447087,31.173240,68
121.447087,31.173240,68
121.469077,31.204862,6
121.448674,31.187544,6
121.449774,31.186502,6
121.469077,31.204862,6
121.450719,31.192574,6
121.450719,31.192574,6
121.449995,31.172338,68
121.459394,31.195277,6
121.464444,31.196583,6
121.464444,31.196583,6
121.450355,31.193022,6
121.453574,31.191666,6
121.453574,31.191666,6
121.453574,31.191666,6
121.453574,31.191666,6
121.470737,31.201697,6
121.468480,31.200775,6
121.466842,31.197591,6
121.440202,31.187890,6
121.459389,31.196941,6
121.483431,31.225622,6
121.478865,31.222555,6
121.478865,31.222555,6
121.472985,31.218563,6
121.472367,31.218298,6
121.472367,31.218298,6
121.471747,31.218061,6
121.474718,31.217027,6
121.478672,31.222935,6
121.478672,31.222935,6
121.478736,31.222503,6
121.478736,31.222503,6
121.478862,31.222553,6
121.478867,31.222555,6
121.473012,31.215696,6
121.483431,31.225622,6
121.473413,31.224587,6
121.457198,31.199312,6
121.458352,31.200246,6
121.459392,31.200173,6
121.472827,31.221954,6
121.480204,31.222490,6
121.480086,31.222404,6
121.480543,31.219094,6
121.475631,31.224193,6
121.474351,31.220812,6
121.453225,31.199442,6
121.455200,31.199111,6
121.447723,31.187773,6
121.447723,31.187773,6
121.441731,31.177750,40
121.465427,31.192009,6
121.456737,31.186756,6
121.477306,31.191454,None
121.472986,31.198383,6
121.472986,31.198383,6
121.472986,31.198383,6
121.497107,31.216993,6
121.497107,31.216993,6
121.476704,31.215333,6
121.496429,31.219712,6
121.477706,31.212333,6
121.477706,31.212333,6
121.489661,31.217561,6
121.495328,31.225479,6
121.499419,31.223356,6
121.503319,31.220774,6
121.496243,31.225306,6
121.490803,31.227063,6
121.502384,31.215994,6
121.497020,31.223930,6
121.500886,31.213307,6
121.492686,31.215799,6
121.494587,31.216160,6
121.490819,31.221514,6
121.496457,31.214867,6
121.495529,31.215510,6
121.496591,31.215273,6
121.481048,31.216223,6
121.480859,31.216191,6
121.479563,31.213473,6
121.483296,31.214055,6
121.483296,31.214055,6
121.482751,31.213659,6
121.482201,31.228653,6
121.478811,31.214913,6
121.481049,31.227907,6
121.489134,31.216835,6
121.489284,31.216598,6
121.489284,31.216598,6
121.489436,31.216665,6
121.483545,31.212142,6
121.483550,31.212144,6
121.476149,31.212361,6
121.491083,31.214514,6
121.483526,31.219240,6
121.484853,31.219778,6
121.484853,31.219778,6
121.484853,31.219778,6
121.486959,31.220651,6
121.481154,31.228717,6
121.491083,31.214514,6
121.482493,31.213163,6
121.482703,31.212014,6
121.482796,31.212048,6
121.482601,31.211924,6
121.489027,31.218281,6
121.486402,31.215237,6
121.484812,31.214573,6
121.484812,31.214573,6
121.472966,31.213619,6
121.473656,31.214761,6
121.473656,31.214761,6
121.490555,31.213035,6
121.484558,31.212382,6
121.484007,31.216224,6
121.484542,31.211861,6
121.484614,31.211914,6
121.471022,31.246186,6
121.472059,31.246550,6
121.477906,31.235994,6
121.477906,31.235994,6
121.472059,31.246550,6
121.472254,31.246655,6
121.474997,31.236678,6
121.476858,31.246647,6
121.474675,31.245954,6
121.467724,31.245082,6
121.473859,31.238005,6
121.478061,31.237362,6
121.502116,31.216389,6
121.475631,31.224193,6
121.479609,31.211169,6
121.481919,31.227872,6
121.500717,31.219964,6
121.494018,31.222753,6
121.483185,31.238066,6
121.482780,31.235342,6
121.487101,31.235312,6
121.487048,31.235481,6
121.479969,31.243457,6
121.487247,31.237304,6
121.483392,31.240569,6
121.481040,31.238334,6
121.491110,31.247878,6
121.477251,31.235102,6
121.489401,31.246802,6
121.478558,31.234068,6
121.478200,31.233170,6
121.499682,31.234631,None
121.480056,31.234076,6
121.487043,31.199777,6
121.486262,31.199504,6
121.475021,31.204876,6
121.486462,31.198771,6
121.474054,31.208322,6
121.485591,31.199387,6
121.504373,31.210825,6
121.466781,31.239128,6
121.488120,31.205615,6
121.481317,31.200528,6
121.480769,31.200937,6
121.490248,31.208706,6
121.487963,31.210254,6
121.497906,31.207762,6
121.497253,31.207629,6
121.469827,31.227902,6
121.485106,31.203265,6
121.485394,31.202635,6
121.485476,31.202426,6
121.485875,31.207433,6
121.470845,31.225421,6
121.485947,31.207446,6
121.496187,31.209158,6
121.494114,31.212022,6
121.494114,31.212022,6
121.495094,31.208705,6
121.491660,31.210820,6
121.478853,31.206663,6
121.478853,31.206663,6
121.478853,31.206663,6
121.482304,31.207356,6
121.482304,31.207356,6
121.482443,31.207771,6
121.483961,31.208542,6
121.490273,31.211941,6
121.479603,31.206995,6
121.479603,31.206995,6
121.480029,31.205503,6
121.467499,31.228581,6
121.467490,31.228799,6
121.490435,31.200910,6
121.482142,31.202720,6
121.468416,31.227936,6
121.477574,31.199643,6
121.476157,31.201524,6
121.467380,31.230310,6
121.472160,31.235200,6
121.483994,31.241950,6
121.484493,31.233537,6
121.485278,31.241511,6
121.488163,31.233371,6
121.482576,31.231400,6
121.471480,31.236865,6
121.471398,31.236837,6
121.471398,31.236837,6
121.471398,31.236837,6
121.471244,31.236782,6
121.471244,31.236782,6
121.469710,31.236361,6
121.464566,31.243387,6
121.465149,31.243574,6
121.487928,31.234143,6
121.487928,31.234143,6
121.469766,31.240503,6
121.469766,31.240503,6
121.469766,31.240503,6
121.487988,31.233490,6
121.488706,31.233807,6
121.488990,31.234282,6
121.467216,31.232799,6
121.468050,31.233233,6
121.474602,31.206478,6
121.419807,31.236182,43
121.419807,31.236182,43
121.481729,31.203556,6
121.487059,31.204502,6
121.485228,31.174457,69
121.484763,31.174205,69
121.497769,31.168390,69
121.500564,31.167514,69
121.495883,31.207640,6
121.484944,31.166017,None
121.486013,31.166299,None
121.498763,31.176920,69
121.498763,31.176920,69
121.495131,31.173527,69
121.500307,31.172965,69
121.489446,31.172856,69
121.494107,31.174936,69
121.491210,31.176322,69
121.493193,31.169575,69
121.503859,31.210405,6
121.490390,31.206125,6
121.489446,31.172856,69
121.492113,31.167573,69
121.493193,31.169575,69
121.493305,31.169081,69
121.495585,31.168477,69
121.496295,31.164856,69
121.499311,31.165311,69
121.499311,31.165311,69
121.499311,31.165311,69
121.433193,31.215758,6
121.433193,31.215758,6
121.432693,31.215612,6
121.426824,31.213405,6
121.426824,31.213405,6
121.424327,31.213111,6
121.424275,31.213100,6
121.432623,31.223249,6
121.424327,31.213111,6
121.432242,31.214393,6
121.432242,31.214393,6
121.432242,31.214393,6
121.438930,31.221521,6
121.424464,31.214620,6
121.424431,31.214624,6
121.437419,31.219265,6
121.438711,31.221435,6
121.438881,31.221503,6
121.442727,31.224292,6
121.442727,31.224292,6
121.428149,31.230878,6
121.426943,31.229541,6
121.427363,31.230709,6
121.427363,31.230709,6
121.420618,31.234661,43
121.435150,31.220881,6
121.431553,31.230860,6
121.433058,31.230093,6
121.427333,31.231010,6
121.419594,31.231217,43
121.434260,31.220587,6
121.434260,31.220587,6
121.434845,31.220704,6
121.426666,31.229583,6
121.428025,31.226621,6
121.442236,31.240346,6
121.442230,31.240346,6
121.438509,31.227870,6
121.438074,31.230527,6
121.438074,31.230527,6
121.438074,31.230527,6
121.439999,31.230614,6
121.440882,31.231008,6
121.435657,31.237675,6
121.435657,31.237671,6
121.434242,31.231195,6
121.445012,31.242225,6
121.445156,31.239384,6
121.434697,31.233960,6
121.434430,31.234986,6
121.447624,31.236760,6
121.438396,31.233246,6
121.439638,31.234862,6
121.440072,31.233931,6
121.438560,31.232113,6
121.439754,31.241650,6
121.441244,31.231404,6
121.441244,31.231406,6
121.441278,31.231388,6
121.441278,31.231388,6
121.419119,31.223822,6
121.421672,31.215410,6
121.416864,31.212987,6
121.423761,31.218556,6
121.415239,31.212880,6
121.414791,31.213082,6
121.411481,31.216141,6
121.411348,31.216582,6
121.427555,31.218586,6
121.425921,31.221993,6
121.411348,31.216582,6
121.418381,31.212984,6
121.428687,31.218879,6
121.428687,31.218879,6
121.416545,31.219131,None
121.416573,31.217807,6
121.423376,31.222178,6
121.416130,31.208408,6
121.422372,31.210921,6
121.445055,31.246248,6
121.446700,31.225146,6
121.458270,31.229026,6
121.461312,31.229360,6
121.461309,31.229358,6
121.462705,31.225192,6
121.462711,31.225190,6
121.450262,31.224387,6
121.458375,31.228559,6
121.458370,31.228559,6
121.458372,31.228559,6
121.451857,31.247108,6
121.451857,31.247108,6
121.459221,31.227458,6
121.444416,31.224269,6
121.458544,31.228916,6
121.454207,31.228143,6
121.463351,31.230353,6
121.451360,31.234922,6
121.451360,31.234922,6
121.449829,31.230579,6
121.449829,31.230579,6
121.449829,31.230579,6
121.449829,31.230579,6
121.442698,31.230257,6
121.441573,31.236384,6
121.449798,31.234504,6
121.448680,31.234753,6
121.448680,31.234753,6
121.440179,31.237246,6
121.447976,31.233400,6
121.445188,31.228504,6
121.445188,31.228504,6
121.445188,31.228504,6
121.444699,31.228331,6
121.444699,31.228331,6
121.463976,31.230366,6
121.448744,31.228047,6
121.466817,31.227004,6
121.466817,31.227002,6
121.449550,31.233234,6
121.466218,31.231397,6
121.465979,31.232937,6
121.464755,31.233893,6
121.448639,31.230542,6
121.447967,31.230165,6
121.447967,31.230165,6
121.448021,31.229822,6
121.448021,31.229822,6
121.466985,31.226839,6
121.447356,31.236494,6
121.446283,31.235262,6
121.465727,31.225632,6
121.465859,31.225639,6
121.463907,31.232913,6
121.464094,31.230152,6
121.463985,31.230584,6
121.465727,31.225632,6
121.466652,31.229846,6
121.466652,31.229846,6
121.449102,31.235210,6
121.399448,31.198106,6
121.419373,31.191082,6
121.419550,31.191162,6
121.412956,31.196208,6
121.412956,31.196208,6
121.420520,31.189787,6
121.414299,31.195758,6
121.412389,31.190279,None
121.409238,31.185980,None
121.411955,31.186604,None
121.453683,31.234822,6
121.456600,31.245398,6
121.455773,31.245650,6
121.453156,31.235412,6
121.410472,31.199952,6
121.461367,31.235168,6
121.461367,31.235168,6
121.408033,31.197792,6
121.407174,31.198313,6
121.459180,31.238071,6
121.459030,31.242956,6
121.460928,31.245341,6
121.448930,31.239789,6
121.448301,31.239478,6
121.448425,31.240927,6
121.442019,31.243822,6
121.437381,31.243186,6
121.441189,31.246998,6
121.441754,31.245625,6
121.441762,31.245628,6
121.455038,31.237381,6
121.435264,31.240186,6
121.456958,31.238609,6
121.450017,31.240149,6
121.450236,31.240245,6
121.460179,31.234786,6
121.424647,31.240956,None
121.424648,31.240957,None
121.436775,31.241177,6
121.410055,31.237797,12
121.412911,31.241251,12
121.406625,31.237923,12
121.406625,31.237923,12
121.406625,31.237923,12
121.406123,31.236326,12
121.406123,31.236326,12
121.404294,31.236723,12
121.399989,31.244314,12
121.404120,31.241589,12
121.404120,31.241589,12
121.405102,31.241958,12
121.407906,31.233788,12
121.408857,31.240821,12
121.407683,31.248024,None
121.407683,31.248024,None
121.407006,31.240887,12
121.383205,31.215912,70
121.403863,31.240717,12
121.403439,31.240981,12
121.403439,31.240981,12
121.413587,31.236924,12
121.380802,31.218160,70
121.380842,31.218497,70
121.380842,31.218497,70
121.402323,31.240244,12
121.403214,31.241225,12
121.395969,31.213786,6
121.395969,31.213786,6
121.387284,31.208716,71
121.422951,31.247544,14
121.384802,31.184459,None
121.397918,31.190285,None
121.402120,31.198187,6
121.405098,31.195819,6
121.396343,31.198305,6
121.386312,31.189623,None
121.395030,31.208434,None
121.395207,31.208805,6
121.396677,31.196223,6
121.394969,31.195324,6
121.397656,31.198879,6
121.397693,31.195429,6
121.383342,31.191218,None
121.393420,31.194658,6
121.381252,31.184665,None
121.392336,31.194165,6
121.403789,31.190444,None
121.404142,31.190061,None
121.398085,31.203125,6
121.392426,31.238270,12
121.403849,31.205353,6
121.403117,31.207245,6
121.403119,31.207244,6
121.388150,31.203630,71
121.400412,31.210506,6
121.405431,31.204904,6
121.385713,31.206562,71
121.387585,31.195379,6
121.479707,30.916089,None
121.475445,30.926693,None
121.473545,30.831984,None
121.477598,30.844810,None
121.116071,30.975463,None
121.506226,30.969322,None
121.164995,30.888583,None
121.165072,30.888351,None
121.164480,30.889864,None
121.452147,30.897087,None
121.359581,30.992439,None
121.507607,30.949872,None
121.820084,30.971025,None
121.872899,30.983708,None
121.816973,30.970902,None
121.452145,30.897116,None
121.758074,31.048987,72
121.758754,31.049068,72
121.317783,30.938774,None
121.317783,30.938774,None
121.865545,30.931716,None
121.014929,30.888757,None
121.006859,30.882449,None
121.012465,30.850384,None
121.169201,30.892140,None
121.314447,30.883985,None
121.760298,31.049274,72
121.757728,31.043562,72
121.199964,30.980313,None
121.467143,30.919217,73
121.507538,30.950148,None
121.124042,30.885041,None
121.022478,30.891820,None
121.335948,30.847239,None
121.172614,30.945193,None
121.275392,30.927012,None
121.264289,30.872151,None
121.333693,30.850502,None
121.333689,30.850502,None
121.219190,30.931526,None
121.461091,30.916020,73
121.466645,30.916459,73
121.907142,30.952900,74
121.278892,30.877013,None
121.488560,30.910163,None
121.906042,30.954337,74
121.905834,30.951852,74
121.907142,30.952899,74
121.907142,30.952898,74
121.158325,30.893437,None
121.768113,31.047870,None
121.687587,30.925514,None
121.237286,30.891156,None
121.158327,30.893444,None
121.160327,30.893956,None
121.776225,31.024013,None
121.255997,31.007868,75
121.255656,31.006660,75
121.390999,31.064530,77
121.419158,31.018295,None
121.560855,31.003740,None
121.738125,31.040254,None
121.699975,31.016063,None
121.746254,31.038323,72
121.755331,31.055833,72
121.419261,31.018020,None
121.411628,31.003887,76
121.416568,31.028798,None
121.406922,31.004258,76
121.421228,31.001034,None
121.593342,31.044797,None
121.593966,31.024215,None
121.279977,31.005210,None
121.369025,31.028528,None
121.467059,31.041170,None
121.410124,31.004090,76
121.310449,31.015324,None
121.310405,31.015323,None
121.400962,31.010966,None
121.432335,31.013787,None
121.406393,31.006136,76
121.598135,31.028316,None
121.393418,31.062885,77
121.447125,31.057855,None
121.408361,31.005911,76
121.695066,31.037796,None
121.753083,31.044969,72
121.752794,31.044686,72
121.752654,31.044684,72
121.751440,31.044939,72
121.695066,31.037796,None
121.735506,31.059026,None
121.265160,31.007786,None
121.382581,31.033205,None
121.418650,31.006712,None
121.405113,31.057344,None
121.404409,31.040856,None
121.665476,31.030383,None
121.750747,31.045674,72
121.398226,31.002298,None
121.311551,31.017522,None
121.443296,31.056225,None
121.752222,31.048351,72
121.406862,31.039337,None
121.408364,31.005912,76
121.408620,31.005223,76
121.586275,31.054886,None
121.535435,31.020374,None
121.397999,31.067401,77
121.452232,31.074075,None
121.746460,31.046758,72
121.748632,31.045280,72
121.776836,31.026293,None
121.255575,31.015044,None
121.397516,31.067087,77
121.424552,30.999263,None
121.525020,31.069499,None
121.525020,31.069499,None
121.645388,31.024629,None
121.839097,31.040129,None
121.422595,30.998499,None
121.645681,31.066560,None
121.748370,31.041079,72
121.838671,31.039586,None
121.395651,31.065646,77
121.393593,31.014234,None
121.279976,31.005532,None
121.279973,31.005532,None
121.434675,31.075010,None
121.401003,31.010857,None
121.610884,31.010400,None
121.733168,31.008055,None
121.751968,31.048783,72
121.755271,31.054193,72
121.808893,31.074262,None
121.255952,31.013482,None
120.923153,31.036240,None
121.246298,31.026622,78
121.246279,31.026640,78
121.565725,31.153479,79
121.504601,31.151312,None
121.749066,31.119227,None
121.813074,31.094205,None
121.249283,31.051153,None
121.429102,31.145243,None
121.569792,31.153389,79
121.751263,31.143341,None
121.156039,31.075612,None
121.135797,31.035850,None
121.434497,31.143478,80
121.417170,31.135269,81
121.498648,31.139541,82
121.527520,31.144690,83
121.528473,31.145162,83
121.583198,31.116017,84
121.637089,31.150252,None
121.529941,31.144582,83
121.700361,31.117650,None
121.757637,31.115462,None
121.574343,31.118618,85
121.574897,31.118741,85
121.530974,31.144342,83
121.794273,31.084173,None
121.057743,31.075828,None
121.444657,31.156166,86
121.509077,31.153069,None
121.728807,31.153311,None
121.616158,31.140496,None
121.592900,31.143311,None
121.584636,31.119555,84
121.762691,31.084951,None
121.453444,31.132686,None
121.583058,31.115120,84
121.571195,31.139112,None
121.426784,31.163783,40
121.586292,31.148594,None
121.647228,31.084122,None
121.046940,30.998794,None
121.416957,31.142583,81
121.507386,31.160456,None
121.576249,31.116383,85
121.585122,31.093080,None
121.668239,31.162774,None
121.761268,31.108886,None
121.413902,31.158564,87
121.504502,31.151402,None
121.584637,31.119554,84
121.570183,31.153744,79
121.527560,31.159199,None
121.664182,31.142804,None
120.988278,31.049261,None
121.423811,31.154310,40
121.581901,31.162660,None
120.926832,31.039525,None
121.415920,31.155300,87
121.506567,31.146040,None
121.584639,31.120849,84
121.565165,31.151059,79
121.713380,31.110372,None
121.643266,31.153090,None
121.496243,31.162509,69
121.505594,31.145255,None
121.511821,31.141343,None
121.575110,31.120374,85
121.531918,31.136055,None
121.573767,31.118902,85
121.794456,31.163946,None
121.794454,31.163947,None
121.794453,31.163950,None
121.455209,30.914274,73
121.631265,30.913620,None
121.141588,30.801874,None
121.239262,30.760448,None
121.237858,30.778776,None
121.227962,30.804829,None
121.313734,30.724623,None
121.302356,30.727849,None
121.335560,30.728029,88
121.321849,30.727882,None
121.459394,30.908901,73
121.459283,30.908427,73
121.444751,30.910908,89
121.456648,30.906870,73
121.460231,30.908228,73
121.732324,30.896053,None
121.732318,30.896056,None
121.640663,30.867724,None
121.829587,30.899384,None
121.431554,30.829518,None
121.423291,30.793817,None
121.465568,30.812913,None
121.337322,30.727505,88
121.337702,30.727585,88
121.468368,30.913527,73
121.467713,30.913485,73
121.461885,30.912429,73
121.341694,30.792482,None
121.527232,30.828190,None
121.461764,30.911013,73
121.467713,30.913485,73
121.461881,30.912425,73
121.462626,30.913744,73
121.452070,30.911675,73
121.461767,30.911011,73
121.458259,30.909021,73
121.346743,30.710727,90
121.442271,30.904608,89
121.796978,30.903174,None
121.316408,30.732597,None
121.465062,30.913581,73
121.467441,30.913192,73
121.454474,30.912270,73
121.641645,30.911178,None
121.849034,30.876838,None
121.321932,30.783183,None
121.344085,30.718206,None
121.849484,30.876730,None
121.371670,30.766546,None
121.375981,30.761145,None
121.445095,30.906625,89
121.445095,30.906625,89
121.445095,30.906625,89
121.829587,30.899384,None
121.829587,30.899384,None
121.337770,30.718047,None
121.352749,30.720535,None
121.340841,30.710981,None
121.451736,30.902786,None
121.451405,30.902688,None
121.480918,30.910888,None
121.797236,30.904954,None
121.759590,30.906679,None
121.341658,30.792467,None
121.350551,30.791544,None
121.336559,30.791446,91
121.336552,30.791451,91
121.336041,30.789331,91
121.336054,30.789331,91
121.334090,30.710808,92
121.335678,30.711627,92
121.335678,30.711627,92
121.335678,30.711627,92
121.727074,30.866435,None
121.273274,30.783599,None
121.456638,30.912604,73
121.466448,30.909434,73
121.237886,30.827158,None
121.342297,30.732101,None
121.322955,30.724572,None
121.350477,30.711624,90
121.350477,30.711624,90
121.350477,30.711624,90
121.517751,30.906591,None
121.174728,30.829035,None
121.330730,30.711305,92
121.344585,30.724935,None
121.342425,30.723883,88
121.452722,30.908699,73
121.194738,30.787791,None
121.337015,30.726798,88
121.335530,30.712338,92
121.457163,30.906325,73
121.250781,30.771632,None
121.247472,30.773401,None
121.337838,30.725754,88
121.553399,31.245532,48
121.547096,31.205823,49
121.555555,31.236937,None
121.548677,31.204824,49
121.554522,31.237704,None
121.568122,31.225457,None
121.548661,31.237097,94
121.555429,31.243504,48
121.572902,31.247129,55
121.572902,31.247129,55
121.572902,31.247129,55
121.572902,31.247129,55
121.530788,31.239408,93
121.573891,31.245930,55
121.546121,31.239015,94
121.542764,31.239185,94
121.548994,31.224696,None
121.580902,31.244368,None
121.580890,31.245346,None
121.542661,31.245247,94
121.504881,31.210241,6
121.540805,31.241521,94
121.541400,31.244168,94
121.540007,31.244431,94
121.543499,31.236925,94
121.536129,31.234323,93
121.546800,31.241823,94
121.548707,31.242029,94
121.521497,31.218622,93
121.518320,31.202470,47
121.521019,31.204717,47
121.518320,31.202470,47
121.523587,31.205274,47
121.518320,31.202470,47
121.515809,31.236573,93
121.515762,31.237168,93
121.507380,31.240243,93
121.511756,31.229730,93
121.516837,31.234935,93
121.508791,31.239729,93
121.515001,31.229009,93
121.505161,31.235018,None
121.526901,31.208874,47
121.523407,31.206569,47
121.522843,31.233585,93
121.521744,31.232267,93
121.514238,31.240777,93
121.565957,31.244308,55
121.512336,31.237729,93
121.519589,31.234394,93
121.517159,31.216401,93
121.518604,31.217013,93
121.527175,31.234849,93
121.522038,31.240906,93
121.522833,31.241032,93
121.508605,31.196949,46
121.510894,31.193366,46
121.532002,31.235478,93
121.513708,31.204550,47
121.513708,31.204550,47
121.527069,31.237611,93
121.526816,31.237445,93
121.525405,31.237826,93
121.515211,31.211249,None
121.534851,31.230277,93
121.534851,31.230277,93
121.534851,31.230277,93
121.528628,31.236733,93
121.523527,31.240312,93
121.518938,31.226163,93
121.518707,31.223608,93
121.521796,31.208857,47
121.522591,31.209954,47
121.524302,31.229340,93
121.522925,31.210335,47
121.521657,31.209294,47
121.517349,31.225802,93
121.522140,31.227672,93
121.523383,31.229015,93
121.522396,31.225289,93
121.522009,31.221500,93
121.521811,31.211812,47
121.524010,31.223382,93
121.521470,31.208885,47
121.517986,31.227425,93
121.527221,31.211203,47
121.525002,31.228757,93
121.526228,31.210212,47
121.518942,31.227051,93
121.559513,31.186023,45
121.558973,31.189548,45
121.584780,31.239218,None
121.588153,31.245257,None
121.554412,31.185297,45
121.554774,31.183902,45
121.595225,31.239668,95
121.596063,31.238420,95
121.595231,31.239666,95
121.580105,31.239078,None
121.617231,31.237334,None
121.604410,31.231880,None
121.578160,31.191611,None
121.568075,31.175918,None
121.616446,31.223996,None
121.562417,31.181518,45
121.570408,31.197175,None
121.607886,31.228386,None
121.556035,31.201200,None
121.555474,31.183183,45
121.583502,31.201913,None
121.593088,31.245903,None
121.558110,31.196252,None
121.573167,31.226082,None
121.595490,31.240325,95
121.517361,31.186526,96
121.517361,31.186526,96
121.517361,31.186526,96
121.519037,31.182232,96
121.509021,31.196941,46
121.509313,31.197096,46
121.509315,31.197098,46
121.509315,31.197098,46
121.510399,31.197946,46
121.532534,31.222358,None
121.504449,31.188962,None
121.516281,31.178869,96
121.520657,31.196718,None
121.573123,31.226237,None
121.514930,31.180105,96
121.514737,31.179015,96
121.507864,31.180267,97
121.506301,31.179891,97
121.508410,31.176782,97
121.508983,31.177081,97
121.516105,31.173586,None
121.511606,31.183310,97
121.514629,31.192190,46
121.616436,31.233466,None
121.514511,31.194053,46
121.513617,31.195147,46
121.526821,31.169801,None
121.511335,31.237221,93
121.701533,31.198223,98
121.706240,31.188199,98
121.544858,31.245089,94
121.572902,31.247129,55
121.529692,31.234322,93
121.519182,31.241437,93
121.508983,31.177081,97
121.504253,31.210316,6
121.509586,31.196964,46
121.562399,31.226967,50
121.539597,31.205138,None
121.556580,31.243045,48
121.505340,31.209581,6
121.570638,31.241369,None
121.701537,31.198229,98
121.510792,31.193814,46
121.510874,31.193602,46
121.614949,31.203234,None
121.594475,31.186371,99
121.618297,31.218634,None
121.616712,31.206702,None
121.551783,31.247634,48
121.626362,31.197398,None
121.558072,31.182319,45
121.580805,31.209377,None
121.543438,31.208893,49
121.518104,31.202554,47
121.518846,31.201670,47
121.525150,31.207117,47
121.524356,31.207759,47
121.522531,31.208086,47
121.529320,31.203196,None
121.520437,31.230476,93
121.591843,31.186433,99
121.614100,31.168427,None
121.551365,31.191078,45
121.529172,31.221332,None
121.530803,31.229281,93
121.529126,31.186467,None
121.618034,31.202903,None
121.628732,31.178663,None
121.592514,31.185924,99
121.591857,31.186342,99
121.592998,31.185772,99
121.592776,31.186262,99
121.593392,31.186168,99
121.595078,31.187178,99
121.594871,31.185469,99
121.594812,31.185633,99
121.698876,31.198029,98
121.691496,31.197492,98
121.712038,31.201160,None
121.697038,31.198665,98
121.641331,31.177501,None
121.703642,31.195574,98
121.694974,31.195315,98
121.638530,31.215292,None
121.632446,31.234810,None
121.632446,31.234810,None
121.655352,31.206229,None
121.657074,31.216644,None
121.655208,31.229334,None
121.702645,31.190441,98
121.702890,31.190488,98
121.703301,31.190564,98
121.702658,31.194440,98
121.712321,31.189893,None
121.712377,31.189911,None
121.685494,31.199134,98
121.691519,31.187902,98
121.705271,31.189648,98
121.703622,31.188863,98
121.704253,31.189621,98
121.687144,31.199688,98
121.660075,31.205821,None
121.751246,31.173616,None
121.688281,31.195945,98
121.686480,31.195592,98
121.735237,31.225368,None
121.633279,31.174439,None
121.696194,31.197324,98
121.689335,31.199395,98
121.752184,31.173663,None
121.752183,31.173665,None
121.698087,31.192009,98
121.697101,31.190954,98
121.695169,31.190225,98
121.703486,31.195932,98
121.683042,31.236683,None
121.721788,31.238874,None
121.692634,31.187741,98
121.735904,31.196089,None
121.111518,31.150130,100
121.117605,31.146241,100
121.120926,31.146305,100
121.123134,31.146148,100
121.123134,31.146148,100
121.120798,31.142780,100
121.118652,31.145917,100
121.118199,31.145797,100
121.118843,31.148916,100
121.108963,31.156024,100
121.125222,31.155020,None
121.103572,31.157036,100
121.120639,31.152380,100
121.124364,31.146755,100
121.108593,31.145495,None
121.104489,31.152903,100
121.104489,31.152903,100
121.108769,31.151633,100
121.119166,31.149116,100
121.118904,31.148713,100
121.118282,31.153707,100
121.111328,31.149763,100
121.115237,31.159897,None
121.105612,31.161330,100
121.114951,31.151816,100
121.066382,31.108277,None
121.062405,31.110516,None
121.053342,31.105018,None
121.121260,31.150651,100
121.056261,31.110578,101
121.056261,31.110581,101
121.056494,31.109095,101
121.056494,31.109097,101
121.056492,31.109097,101
121.111499,31.135918,None
121.116046,31.150349,100
120.920919,31.124476,None
121.127764,31.144684,100
120.926035,31.113579,None
121.080252,31.154352,None
121.111820,31.143476,None
121.128272,31.145806,100
121.365161,31.148538,None
121.365027,31.148456,None
121.361085,31.152560,None
121.353938,31.142258,None
121.359179,31.153895,None
121.354248,31.148758,None
121.349363,31.158509,66
121.348927,31.158277,66
121.350709,31.159107,66
121.349178,31.157984,66
121.352567,31.149371,None
121.194876,31.132900,None
121.375874,31.161935,105
121.379046,31.150827,102
121.379046,31.150827,102
121.373350,31.153050,102
121.374330,31.150292,102
121.183699,31.105214,None
121.351783,31.156110,66
121.115250,31.151199,100
121.136540,31.157471,103
121.181489,31.095086,None
121.136541,31.157471,103
121.170938,31.112500,None
121.194564,31.151752,None
121.194564,31.151752,None
121.362454,31.137302,None
121.352578,31.150496,None
121.347618,31.162907,66
121.135435,31.154427,103
121.137815,31.154355,103
121.193833,31.148125,None
121.136537,31.157472,103
121.346200,31.164308,66
121.347619,31.162907,66
121.276525,31.162322,None
121.316070,31.116103,None
121.312233,31.139208,None
121.313237,31.139665,None
121.336748,31.132295,None
121.336585,31.132805,None
121.281776,31.116590,None
121.281774,31.116590,None
121.300326,31.138466,None
121.310331,31.106492,None
121.320766,31.128876,None
121.268381,31.114378,None
121.295162,31.106899,None
121.295162,31.106899,None
121.321145,31.126611,None
121.320867,31.126589,None
121.268638,31.096392,None
121.261993,31.081289,None
121.340576,31.084300,None
121.378335,31.120542,None
121.378372,31.121455,None
121.270229,31.092076,None
121.329022,31.127441,None
121.373052,31.130997,None
121.271212,31.099053,None
121.368876,31.120374,None
121.294040,31.111505,None
121.369074,31.106802,104
121.374029,31.103547,104
121.373418,31.103407,104
121.371569,31.097180,None
121.376956,31.094370,None
121.378688,31.160544,105
121.305246,31.158882,None
121.305246,31.158877,None
121.335674,31.137130,None
121.274459,31.111798,None
121.374555,31.113646,104
121.374089,31.114076,104
121.374027,31.114234,104
121.273039,31.128533,None
121.373270,31.109235,104
121.376036,31.109007,104
121.346393,31.138823,None
121.374295,31.117227,104
121.372577,31.108903,104
121.372087,31.108818,104
121.372070,31.108840,104
121.372005,31.108921,104
121.366979,31.111282,104
121.366977,31.111283,104
121.347035,31.131129,None
121.279039,31.110053,None
121.377736,31.106376,104
121.377736,31.106376,104
121.375374,31.110944,104
121.275264,31.109082,None
121.376979,31.105431,104
121.327690,31.163764,None
121.372774,31.110804,104
121.420413,31.121400,None
121.414684,31.148027,87
121.414684,31.148027,87
121.414684,31.148027,87
121.414244,31.148176,87
121.414963,31.147887,87
121.427481,31.138485,107
121.415763,31.137032,81
121.401680,31.162337,106
121.401583,31.162000,106
121.456785,31.125626,None
121.417286,31.153390,87
121.426700,31.134972,107
121.455307,31.152993,None
121.423567,31.157548,40
121.421228,31.157607,40
121.430217,31.133861,107
121.438408,31.164290,40
121.438408,31.164290,40
121.426869,31.158799,40
121.434743,31.132614,107
121.434743,31.132614,107
121.435224,31.132966,107
121.421636,31.132439,81
121.421636,31.132439,81
121.385208,31.138830,None
121.427152,31.149059,None
121.431985,31.131333,107
121.383890,31.145259,108
121.384965,31.144676,108
121.414837,31.138713,81
121.424899,31.122763,None
121.437827,31.123085,None
121.437827,31.123085,None
121.404156,31.147437,109
121.402462,31.152107,109
121.403401,31.150851,109
121.435997,31.133003,107
121.435997,31.133004,107
121.435997,31.133004,107
121.435997,31.133004,107
121.442983,31.156465,86
121.445492,31.154403,86
121.449571,31.155985,86
121.426790,31.163787,40
121.435818,31.152720,None
121.376330,31.109164,104
121.411065,31.156348,87
121.375880,31.108544,104
121.413894,31.158571,87
121.376662,31.110294,104
121.376041,31.109012,104
121.440444,31.139335,107
121.445206,31.133640,107
121.451389,31.134812,None
121.375896,31.108400,104
121.435819,31.152718,None
121.434607,31.143721,80
121.407959,31.158303,87
121.380488,31.161485,105
121.380249,31.164585,105
121.501389,31.141848,82
121.497363,31.139055,82
121.491817,31.144718,None
121.444390,31.157194,86
121.419003,31.120752,None
121.497564,31.150247,None
121.500161,31.142132,82
121.501023,31.142040,82
121.500700,31.135276,82
121.498648,31.139543,82
121.413512,31.151925,87
121.494868,31.137115,82
121.382512,31.153273,102
121.394327,31.125905,None
121.408544,31.129810,81
121.402249,31.132561,81
121.388296,31.133914,110
121.388296,31.133914,110
121.485046,31.131760,None
121.402394,31.136123,81
121.388386,31.133593,110
121.471939,31.148285,None
121.418087,31.128371,None
121.386080,31.131631,110
121.386800,31.129182,110
121.393545,31.140454,111
121.393545,31.140454,111
121.393545,31.140454,111
121.393545,31.140454,111
121.395187,31.139665,111
121.395933,31.140345,111
121.396196,31.139495,111
121.396328,31.138830,111
121.400335,31.158038,106
121.400335,31.158038,106
121.489956,31.163210,69
121.413793,31.136571,81
121.412996,31.137167,81
121.412996,31.137168,81
121.395432,31.133747,81
121.491003,31.157445,69
121.396008,31.133532,81
121.396959,31.133619,81
121.407509,31.130163,81
121.414677,31.135247,81
121.494807,31.158662,69
121.403577,31.130955,81
121.401396,31.157236,106
121.393402,31.155018,None
121.393358,31.155007,None
121.491870,31.153985,69
121.491910,31.153999,69
121.401284,31.121679,None
121.484860,31.144900,None
121.403189,31.143066,109
121.402180,31.120885,None
121.498093,31.159205,69
121.497960,31.158722,69
121.498420,31.158707,69
121.495389,31.157986,69
121.400628,31.131724,81
121.389731,31.124616,None
121.383247,31.158657,105
121.443095,31.141862,107
121.439869,31.140618,107
121.446047,31.133853,107
121.408289,31.127227,81
121.434858,31.143884,80
121.434301,31.144466,80
121.427266,31.130154,107
121.434551,31.131366,107
121.437299,31.135335,107
121.382431,31.155133,102
121.441703,31.136085,107
121.400721,31.131208,81
121.383858,31.161358,105
121.418004,31.137714,81
121.417981,31.139920,81
121.397499,31.122656,None
121.401552,31.140310,81
121.382581,31.146858,108
121.382581,31.146858,108
121.382581,31.146858,108
121.405464,31.138498,81
121.455887,31.151257,None
121.409725,31.134068,81
121.420171,31.134965,81
121.381767,31.110384,112
121.382428,31.109858,112
121.383308,31.109690,112
121.444475,31.121289,None
121.385352,31.107953,112
121.398292,31.089556,113
121.502409,31.094419,None
121.391498,31.108938,112
121.502591,31.093044,None
121.407242,31.104192,None
121.396950,31.091924,113
121.401185,31.082806,None
121.390444,31.106597,112
121.389306,31.106876,112
121.410342,31.096637,None
121.402511,31.114819,None
121.383561,31.089002,None
121.407159,31.107639,None
121.381910,31.090046,None
121.444477,31.121292,None
121.405615,31.115428,None
121.458000,31.083824,None
121.402412,31.112371,None
121.437776,31.090890,None
121.434589,31.115547,None
121.424814,31.115595,None
121.393229,31.099319,None
121.397991,31.087587,113
121.393606,31.098232,None
121.398095,31.093156,113
121.457870,31.116001,None
121.434652,31.103841,None
121.405304,31.094762,None
121.381871,31.109634,112
121.199313,31.011674,None
121.197007,31.003618,None
121.221543,31.006805,114
121.365237,31.020159,None
121.261474,31.064671,None
121.261477,31.064670,None
121.236494,31.011140,114
121.222676,31.004940,114
121.214311,31.006515,115
121.246300,31.026627,78
121.246298,31.026623,78
121.221955,31.011582,114
121.254163,31.007625,75
121.210323,31.004333,115
121.210724,31.004397,115
121.218824,31.002555,114
121.212615,31.002678,115
121.251229,31.007450,75
121.231738,31.013407,116
121.231738,31.013407,116
121.231738,31.013407,116
121.239635,31.005997,114
121.240117,31.005137,114
121.240117,31.005137,114
121.218652,31.025225,117
121.219356,31.024515,117
121.286283,31.005940,None
121.139915,31.034835,None
121.249698,31.004566,75
121.216038,31.023001,117
121.216036,31.023002,117
121.242953,31.065635,None
121.241531,31.006513,114
121.241531,31.006513,114
121.241531,31.006513,114
121.209002,31.029239,118
121.208988,31.032006,118
121.208988,31.032006,118
121.241329,31.063631,None
121.375469,31.036846,None
121.207728,31.031545,118
121.207728,31.031545,118
121.209198,31.013483,None
121.234843,31.013141,116
121.224160,31.017079,None
121.225726,31.041592,None
121.367609,31.031000,None
121.319363,31.061523,None
121.225723,31.040367,None
121.226937,31.006565,114
121.225723,31.040367,None
121.221624,31.011058,114
121.316843,31.063652,None
121.367613,31.030999,None
121.312875,31.062362,None
121.229828,31.005725,114
121.230963,31.005752,114
121.230963,31.005752,114
121.229069,31.002209,114
121.220984,31.007622,114
121.220994,31.007613,114
121.221296,31.006349,114
121.228619,31.003090,114
121.202446,31.009002,None
121.227164,31.025797,None
121.239797,31.019794,None
121.238011,31.019426,None
121.333868,31.010946,None
121.232187,31.006892,114
121.252356,31.006857,75
121.227166,31.025799,None
121.347576,31.057524,None
121.226702,31.014057,None
121.252356,31.006857,75
121.222688,31.005012,114
121.199542,31.044280,None
121.191998,31.054224,None
121.236160,31.006673,114
121.212771,31.003026,115
121.471454,30.889510,None
121.470521,30.911912,73
121.771890,31.043321,None
121.378759,30.992513,None
121.687587,30.925511,None
121.101968,30.863844,None
121.086891,30.887028,None
121.216924,30.880677,None
121.216924,30.880677,None
121.459082,30.862433,None
121.886654,31.005974,None
121.179193,30.968332,119
121.179588,30.968692,119
121.179588,30.968696,119
121.179219,30.967757,119
121.459101,30.916312,73
121.499919,30.983341,None
121.500334,30.983570,None
121.684615,30.926535,None
121.216924,30.880682,None
121.345187,30.851217,None
121.345184,30.851217,None
121.762414,31.046231,72
121.762414,31.046231,72
121.761806,31.046287,72
121.065707,30.930808,None
121.171205,30.928595,None
121.740234,30.967752,None
121.460768,30.872172,None
121.394148,30.902721,None
121.762414,31.046231,72
121.093762,30.935903,None
121.064312,30.939800,None
121.008477,30.942609,None
121.141823,30.939153,None
121.350542,30.989758,None
121.441290,30.994006,None
121.649166,30.945874,None
121.394421,30.902773,None
121.394419,30.902777,None
121.430188,30.842942,None
121.754920,31.052807,72
121.775802,31.043403,None
121.775802,31.043403,None
121.305041,30.978753,None
121.028281,30.974422,None
121.473283,30.917176,None
121.473209,30.916959,None
121.473209,30.916959,None
121.720786,30.942380,None
121.163310,30.898364,None
121.163310,30.898405,None
121.462977,30.914819,73
121.022469,30.893861,None
121.412888,30.843630,None
121.067126,30.930671,None
121.373149,30.997680,None
